coverage_cond                   |every_edge          |edge_to_connected_no|edge_to_connected_no|edge_to_connected_no|edge_to_connected_no|edge_to_controversia|edge_to_co
ntroversia|edge_to_controversia|edge_to_controversia|edge_to_controversia|edge_to_controversia|edge_to_controversia|edge_to_controversia|edge_to_controversia|edge_to_con
troversia|edge_to_controversia|edge_to_controversia|edge_to_controversia|edge_to_controversia|master              |observer            |journeyer           |apprentice  

--------------------------------+--------------------+--------------------+--------------------+--------------------+--------------------+--------------------+----------
----------+--------------------+--------------------+--------------------+--------------------+--------------------+--------------------+--------------------+-----------
---------+--------------------+--------------------+--------------------+--------------------+--------------------+--------------------+--------------------+------------
--------
MoletrustTM_horizon4_threshold05|0.954606            |0.979699            |0.980916            |0.981650            |0.981684            |0.981285            |0.980721  
          |0.978279            |0.970767            |0.980560            |0.980229            |0.977277            |0.973399            |0.980315            |0.979750   
         |0.979778            |0.976867            |0.972390            |0.975155            |0.967923            |0.931460            |0.963598            |0.918113    

OutB_TM                         |0.921727            |0.949704            |0.962701            |0.960844            |0.956423            |0.963364            |0.960568  
          |0.915105            |0.847747            |0.957659            |0.957585            |0.916574            |0.859606            |0.901575            |0.951378   
         |0.953290            |0.912614            |0.853322            |0.903727            |0.924124            |0.863346            |0.949493            |0.878870    

AlwaysMaster                    |1.000000            |1.000000            |1.000000            |1.000000            |1.000000            |1.000000            |1.000000  
          |1.000000            |1.000000            |1.000000            |1.000000            |1.000000            |1.000000            |1.000000            |1.000000   
         |1.000000            |1.000000            |1.000000            |1.000000            |1.000000            |1.000000            |1.000000            |1.000000    

AlwaysApprentice                |1.000000            |1.000000            |1.000000            |1.000000            |1.000000            |1.000000            |1.000000  
          |1.000000            |1.000000            |1.000000            |1.000000            |1.000000            |1.000000            |1.000000            |1.000000   
         |1.000000            |1.000000            |1.000000            |1.000000            |1.000000            |1.000000            |1.000000            |1.000000    

AlwaysJourneyer                 |1.000000            |1.000000            |1.000000            |1.000000            |1.000000            |1.000000            |1.000000  
          |1.000000            |1.000000            |1.000000            |1.000000            |1.000000            |1.000000            |1.000000            |1.000000   
         |1.000000            |1.000000            |1.000000            |1.000000            |1.000000            |1.000000            |1.000000            |1.000000    

MoletrustTM_horizon4_threshold0 |0.954606            |0.979699            |0.980916            |0.981650            |0.981684            |0.981285            |0.980721  
          |0.978279            |0.970767            |0.980560            |0.980229            |0.977277            |0.973399            |0.980315            |0.979750   
         |0.979778            |0.976867            |0.972390            |0.975155            |0.967923            |0.931460            |0.963598            |0.918113    

MoletrustTM_horizon3_threshold05|0.931107            |0.963459            |0.971136            |0.974781            |0.976445            |0.973439            |0.973264  
          |0.970707            |0.964068            |0.968504            |0.969273            |0.965818            |0.959606            |0.960630            |0.964029   
         |0.966271            |0.962090            |0.951682            |0.928571            |0.954200            |0.915070            |0.936980            |0.879211    

MoletrustTM_horizon2_threshold0 |0.795512            |0.836392            |0.870048            |0.890563            |0.903099            |0.881362            |0.881873  
          |0.872199            |0.855055            |0.855642            |0.861347            |0.851614            |0.827094            |0.811024            |0.838653   
         |0.849943            |0.838491            |0.805004            |0.751553            |0.856253            |0.773308            |0.796879            |0.683452    

MoletrustTM_horizon3_threshold0 |0.931107            |0.963459            |0.971136            |0.974781            |0.976445            |0.973439            |0.973264  
          |0.970707            |0.964068            |0.968504            |0.969273            |0.965818            |0.959606            |0.960630            |0.964029   
         |0.966271            |0.962090            |0.951682            |0.928571            |0.954200            |0.915070            |0.936980            |0.879211    

MoletrustTM_horizon2_threshold05|0.795512            |0.836392            |0.870048            |0.890563            |0.903099            |0.881362            |0.881873  
          |0.872199            |0.855055            |0.855642            |0.861347            |0.851614            |0.827094            |0.811024            |0.838653   
         |0.849943            |0.838491            |0.805004            |0.751553            |0.856253            |0.773308            |0.796879            |0.683452    

EbayTM                          |0.978105            |1.000000            |1.000000            |1.000000            |1.000000            |1.000000            |1.000000  
          |1.000000            |1.000000            |1.000000            |1.000000            |1.000000            |1.000000            |1.000000            |1.000000   
         |1.000000            |1.000000            |1.000000            |1.000000            |0.994968            |0.945509            |0.985303            |0.944085    

OutA_TM                         |0.982201            |0.984277            |0.984659            |0.985001            |0.985014            |0.984888            |0.984348  
          |0.982027            |0.976857            |0.984530            |0.984087            |0.981403            |0.978818            |0.988189            |0.984214   
         |0.983965            |0.981106            |0.977135            |0.981366            |0.977300            |0.986164            |0.984484            |0.984122    

PageRankGlobalTM                |1.000000            |1.000000            |1.000000            |1.000000            |1.000000            |1.000000            |1.000000  
          |1.000000            |1.000000            |1.000000            |1.000000            |1.000000            |1.000000            |1.000000            |1.000000   
         |1.000000            |1.000000            |1.000000            |1.000000            |1.000000            |1.000000            |1.000000            |1.000000    

EdgesA_TM                       |0.992941            |0.994200            |0.994359            |0.994293            |0.993989            |0.994444            |0.993988  
          |0.992428            |0.990256            |0.994238            |0.993832            |0.992076            |0.990640            |1.000000            |0.994165   
         |0.993760            |0.991885            |0.989646            |0.996894            |0.989365            |0.991486            |0.995586            |0.994216    

AlwaysObserver                  |1.000000            |1.000000            |1.000000            |1.000000            |1.000000            |1.000000            |1.000000  
          |1.000000            |1.000000            |1.000000            |1.000000            |1.000000            |1.000000            |1.000000            |1.000000   
         |1.000000            |1.000000            |1.000000            |1.000000            |1.000000            |1.000000            |1.000000            |1.000000    

RandomTM                        |1.000000            |1.000000            |1.000000            |1.000000            |1.000000            |1.000000            |1.000000  
          |1.000000            |1.000000            |1.000000            |1.000000            |1.000000            |1.000000            |1.000000            |1.000000   
         |1.000000            |1.000000            |1.000000            |1.000000            |1.000000            |1.000000            |1.000000            |1.000000    

AdvogatoGlobalTM                |1.000000            |1.000000            |1.000000            |1.000000            |1.000000            |1.000000            |1.000000  
          |1.000000            |1.000000            |1.000000            |1.000000            |1.000000            |1.000000            |1.000000            |1.000000   
         |1.000000            |1.000000            |1.000000            |1.000000            |1.000000            |1.000000            |1.000000            |1.000000    

EdgesB_TM                       |0.986674            |1.000000            |1.000000            |1.000000            |1.000000            |1.000000            |1.000000            |1.000000            |1.000000            |1.000000            |1.000000            |1.000000            |1.000000            |1.000000            |1.000000            |1.000000            |1.000000            |1.000000            |1.000000            |0.997484            |0.957642            |0.992674            |0.965748  


abs_error_cond                  |every_edge          |edge_to_connected_no|edge_to_connected_no|edge_to_connected_no|edge_to_connected_no|edge_to_controversia|edge_to_co
ntroversia|edge_to_controversia|edge_to_controversia|edge_to_controversia|edge_to_controversia|edge_to_controversia|edge_to_controversia|edge_to_controversia|edge_to_con
troversia|edge_to_controversia|edge_to_controversia|edge_to_controversia|edge_to_controversia|master              |observer            |journeyer           |apprentice  

--------------------------------+--------------------+--------------------+--------------------+--------------------+--------------------+--------------------+----------
----------+--------------------+--------------------+--------------------+--------------------+--------------------+--------------------+--------------------+-----------
---------+--------------------+--------------------+--------------------+--------------------+--------------------+--------------------+--------------------+------------
--------
MoletrustTM_horizon4_threshold05|0.105855 50576      |0.105136 47294      |0.105755 37213      |0.106807 29583      |0.107005 24172      |0.108762 32142      |0.113416 2
9199      |0.140724 12791      |0.197327 1594       |0.108885 40504      |0.115720 34804      |0.143887 14924      |0.199266 1976       |0.275072 249        |0.110221 44
996      |0.118158 37211      |0.146623 16131      |0.203691 2254       |0.287360 314        |0.105592 16928      |0.346449 4376       |0.066314 21177      |0.079787 809
5
OutB_TM                         |0.145317 48834      |0.143399 45846      |0.142496 36522      |0.145550 28956      |0.149375 23550      |0.145038 31555      |0.150180 2
8599      |0.178710 11965      |0.233416 1392       |0.144718 39558      |0.150002 34000      |0.176127 13997      |0.224609 1745       |0.256571 229        |0.146059 43
693      |0.151336 36205      |0.176141 15070      |0.223698 1978       |0.258394 291        |0.158141 16162      |0.376720 4056       |0.073784 20867      |0.190078 774
9
AlwaysMaster                    |0.202733 52981      |0.190231 48274      |0.169017 37937      |0.152940 30136      |0.140145 24623      |0.160110 32755      |0.156995 2
9773      |0.164359 13075      |0.177710 1642       |0.178459 41307      |0.172985 35506      |0.173505 15271      |0.186207 2030       |0.285827 254        |0.189479 45
926      |0.180347 37979      |0.180960 16513      |0.190768 2318       |0.281366 322        |0.000000 17489      |0.600000 4698       |0.200000 21977      |0.400000 881
7
AlwaysApprentice                |0.232736 52981      |0.242615 48274      |0.262425 37937      |0.278186 30136      |0.290509 24623      |0.271116 32755      |0.276217 2
9773      |0.281254 13075      |0.302923 1642       |0.254049 41307      |0.262446 35506      |0.274795 15271      |0.296355 2030       |0.276378 254        |0.244646 45
926      |0.257200 37979      |0.270272 16513      |0.293788 2318       |0.277640 322        |0.400000 17489      |0.200000 4698       |0.200000 21977      |0.000000 881
7
AlwaysJourneyer                 |0.134773 52981      |0.132005 48274      |0.134671 37937      |0.140370 30136      |0.145433 24623      |0.138147 32755      |0.143472 2
9773      |0.155778 13075      |0.204507 1642       |0.134994 41307      |0.140630 35506      |0.154738 15271      |0.201576 2030       |0.266929 254        |0.134738 45
926      |0.140499 37979      |0.154545 16513      |0.201812 2318       |0.265217 322        |0.200000 17489      |0.400000 4698       |0.000000 21977      |0.200000 881
7
MoletrustTM_horizon4_threshold0 |0.103064 50576      |0.103191 47294      |0.104452 37213      |0.105948 29583      |0.106430 24172      |0.107741 32142      |0.112532 2
9199      |0.139441 12791      |0.194890 1594       |0.107354 40504      |0.114441 34804      |0.142204 14924      |0.197147 1976       |0.263304 249        |0.108224 44996      |0.116610 37211      |0.144781 16131      |0.201632 2254       |0.275907 314        |0.104814 16928      |0.331179 4376       |0.064874 21177      |0.075994 8095
MoletrustTM_horizon3_threshold05|0.105555 49331      |0.104997 46510      |0.105734 36842      |0.106825 29376      |0.107006 24043      |0.108737 31885      |0.113358 28977      |0.140548 12692      |0.196934 1583       |0.108775 40006      |0.115554 34415      |0.143549 14749      |0.199423 1948       |0.274869 244        |0.110012 44274      |0.117850 36698      |0.146192 15887      |0.203642 2206       |0.286407 299        |0.104539 16688      |0.348230 4299       |0.065386 20592      |0.079864 7752
MoletrustTM_horizon2_threshold0 |0.101672 42147      |0.102273 40376      |0.104071 33007      |0.105689 26838      |0.106014 22237      |0.107406 28869      |0.112027 26256      |0.139111 11404      |0.195939 1404       |0.106729 35344      |0.113488 30583      |0.141206 13005      |0.198012 1679       |0.261568 206        |0.106977 38516      |0.114797 32280      |0.142692 13846      |0.199662 1866       |0.273351 242        |0.099849 14975      |0.344370 3633       |0.061809 17513      |0.075732 6026
MoletrustTM_horizon3_threshold0 |0.102889 49331      |0.103128 46510      |0.104465 36842      |0.106006 29376      |0.106465 24043      |0.107753 31885      |0.112516 28977      |0.139349 12692      |0.194597 1583       |0.107304 40006      |0.114351 34415      |0.141992 14749      |0.197357 1948       |0.262811 244        |0.108097 44274      |0.116383 36698      |0.144442 15887      |0.201551 2206       |0.273805 299        |0.103799 16688      |0.332926 4299       |0.064213 20592      |0.076093 7752
MoletrustTM_horizon2_threshold05|0.103849 42147      |0.103810 40376      |0.105046 33007      |0.106186 26838      |0.106129 22237      |0.108131 28869      |0.112559 26256      |0.139979 11404      |0.197354 1404       |0.107938 35344      |0.114378 30583      |0.142394 13005      |0.199066 1679       |0.271709 206        |0.108584 38516      |0.115963 32280      |0.144153 13846      |0.200982 1866       |0.284456 242        |0.100061 14975      |0.357826 3633       |0.062913 17513      |0.079116 6026
EbayTM                          |0.101082 51821      |0.101018 48274      |0.101599 37937      |0.102984 30136      |0.103240 24623      |0.104577 32755      |0.109222 29773      |0.135227 13075      |0.189849 1642       |0.104640 41307      |0.111294 35506      |0.138239 15271      |0.192179 2030       |0.265682 254        |0.105931 45926      |0.113743 37979      |0.141325 16513      |0.196911 2318       |0.272450 322        |0.097703 17401      |0.349662 4442       |0.060934 21654      |0.079932 8324
OutA_TM                         |0.113828 52038      |0.111805 47515      |0.112012 37355      |0.114091 29684      |0.116719 24254      |0.113284 32260      |0.115422 29307      |0.120628 12840      |0.153161 1604       |0.112472 40668      |0.114505 34941      |0.119807 14987      |0.149723 1987       |0.215427 251        |0.112712 45201      |0.114285 37370      |0.119055 16201      |0.148693 2265       |0.210083 316        |0.141218 17092      |0.161010 4633       |0.059326 21636      |0.170581 8677
PageRankGlobalTM                |0.156153 52981      |0.149971 48274      |0.136356 37937      |0.127701 30136      |0.122127 24623      |0.130989 32755      |0.132599 29773      |0.148725 13075      |0.194611 1642       |0.142136 41307      |0.141560 35506      |0.159592 15271      |0.208965 2030       |0.281210 254        |0.148450 45926      |0.146602 37979      |0.165902 16513      |0.219483 2318       |0.282944 322        |0.172963 17489      |0.280490 4698       |0.136331 21977      |0.105965 8817
EdgesA_TM                       |0.123219 52607      |0.121889 47994      |0.123593 37723      |0.127345 29964      |0.131482 24475      |0.125887 32573      |0.129002 29594      |0.137046 12976      |0.176869 1626       |0.123518 41069      |0.127006 35287      |0.135941 15150      |0.172925 2011       |0.233459 254        |0.123344 45658      |0.126742 37742      |0.135236 16379      |0.171750 2294       |0.226131 321        |0.162913 17303      |0.218759 4658       |0.057593 21880      |0.157903 8766
AlwaysObserver                  |0.397267 52981      |0.409769 48274      |0.430983 37937      |0.447060 30136      |0.459855 24623      |0.439890 32755      |0.443005 29773      |0.435641 13075      |0.422290 1642       |0.421541 41307      |0.427015 35506      |0.426495 15271      |0.413793 2030       |0.314173 254        |0.410521 45926      |0.419653 37979      |0.419040 16513      |0.409232 2318       |0.318634 322        |0.600000 17489      |0.000000 4698       |0.400000 21977      |0.200000 8817
RandomTM                        |0.223114 52981      |0.225463 48274      |0.232662 37937      |0.239781 30136      |0.245610 24623      |0.236693 32755      |0.240287 29773      |0.248021 13075      |0.269011 1642       |0.229869 41307      |0.234623 35506      |0.245315 15271      |0.267154 2030       |0.284308 254        |0.227086 45926      |0.232994 37979      |0.243642 16513      |0.266833 2318       |0.289059 322        |0.301687 17489      |0.303674 4698       |0.166031 21977      |0.166619 8817
AdvogatoGlobalTM                |0.202733 52981      |0.190231 48274      |0.169017 37937      |0.152940 30136      |0.140145 24623      |0.160110 32755      |0.156995 29773      |0.164359 13075      |0.177710 1642       |0.178459 41307      |0.172985 35506      |0.173505 15271      |0.186207 2030       |0.285827 254        |0.189479 45926      |0.180347 37979      |0.180960 16513      |0.190768 2318       |0.281366 322        |0.000000 17489      |0.600000 4698       |0.200000 21977      |0.400000 8817
EdgesB_TM                       |0.113275 52275      |0.111711 48274      |0.111630 37937      |0.113530 30136      |0.114407 24623      |0.114453 32755      |0.118891 29773      |0.146089 13075      |0.197943 1642       |0.114218 41307      |0.119962 35506      |0.147093 15271      |0.197640 2030       |0.261961 254        |0.115378 45926      |0.121766 37979      |0.148769 16513      |0.200423 2318       |0.267509 322        |0.112511 17445      |0.363901 4499       |0.056882 21816      |0.126902 8515
